最初と最後は配置場所になるようにしてくだちぃ

----------------------------------
じょうちＡ(オフィス前徘徊)
----------------------------------
// 配置場所
820 0 -300

// 回るポイント座標
830 0 -10
825 0 635
840 0 300
820 0 -300

----------------------------------
じょうちＢ(ゲーセン)
----------------------------------
// 配置場所
1400 0 505

// 回るポイント座標
1400 0 222
1400 0 108
1586 0 109
1760 0 101
1760 0 395
1525 0 390
1530 0 103
1150 0 115
1143 0 333

----------------------------------
じょうちＣ(蕎麦屋から居酒屋)
----------------------------------
// 配置場所
2186 0 320

// 回るポイント座標
2142 0 -460
2020 0 -757
1710 0 -754
1303 0 -644
1377 0 -360
1952 0 -377
1948 0 297


----------------------------------
じょうちＤ（マップ左側）
----------------------------------
// 配置場所
1705 0 843

// 回るポイント座標
1705 0 1188
932 0 1235
922 0 938
2042 0 942
2178 0 612
2237 0 1140


